100
0 225 292
2 0 0
0 2385 3857
2 0 0
0 4633 77
0 4734 4411
1 4387 3072
2 0 1
1 850 3618
1 3278 5220
1 4192 2424
0 2599 1049
0 2401 928
2 0 0
1 1101 4335
0 1524 3856
2 2 2
1 3855 394
2 0 0
2 0 0
1 1667 2977
1 3947 2352
0 3755 2922
2 0 0
1 722 1898
1 3428 2284
1 4082 2977
1 3278 4095
0 1037 3450
0 279 3124
0 1273 1081
2 1 1
1 1583 37
2 0 0
2 0 0
0 4016 4429
2 0 0
0 4690 2209
0 2134 759
2 0 1
0 2541 3900
1 193 722
1 1743 1561
1 1898 3222
1 831 1336
0 1510 2342
1 37 5100
2 1 0
0 4307 145
2 2 0
2 0 1
2 0 0
1 2224 3042
0 2688 4495
0 3842 2489
1 613 3697
1 4874 5333
0 1577 2382
1 3630 1248
2 2 0
0 920 4559
1 2094 4045
2 1 2
2 1 1
2 0 0
1 1420 452
1 2352 1101
0 2788 4665
1 5099 1996
1 4771 3222
2 0 0
0 3868 1202
0 2147 1946
2 0 0
1 1101 1583
1 1822 5345
0 1611 3525
1 2596 3855
1 2741 2385
2 1 0
1 328 4285
0 45 2723
2 0 0
2 0 0
0 3851 2397
0 4226 4322
1 3042 1575
0 376 4632
1 3428 2596
2 1 0
2 0 1
1 2596 5333
0 1167 2518
0 3677 3964
2 1 1
1 613 1420
0 446 388
1 649 1336
2 0 0
0 403 2758
