1000
1 9267 34391
0 4082 42480
1 45555 43469
0 28231 14087
1 16610 7238
2 1 0
2 0 0
1 7523 42792
0 41978 22569
2 0 0
0 23242 39099
2 0 0
1 20754 25031
1 43444 3674
0 43323 3298
2 0 0
0 34808 31462
2 0 0
0 46375 34709
0 27215 32260
2 0 1
0 9832 12729
1 47335 7238
2 0 1
1 10014 41590
0 17023 18369
2 1 0
0 32052 37210
0 10695 44950
2 1 1
2 0 0
1 29771 15077
1 20662 36469
0 17548 37565
0 35555 8933
2 1 2
0 7750 19277
2 1 2
1 876 6439
1 9001 45555
0 4648 46681
0 22201 13678
1 39142 19810
1 181 8798
2 3 3
0 29673 9204
2 3 2
1 13994 35987
2 1 0
0 4736 36765
1 21352 15382
2 1 0
1 23211 39046
0 18740 38388
2 0 2
2 0 0
2 0 0
0 19603 18843
2 0 0
1 40324 31133
1 18952 5313
0 114 35346
1 28991 41129
2 0 0
0 21369 24490
1 15016 20882
0 35269 21788
2 1 1
1 30457 9855
2 0 0
0 20974 38733
1 25117 25117
0 12227 40630
0 26011 30564
2 2 2
1 47616 15647
2 0 0
1 47603 35190
2 0 0
0 23489 36093
1 5495 2956
1 47220 36040
1 46188 20541
2 0 0
0 18031 41373
0 22853 45848
0 15332 37249
2 2 0
1 18515 47182
1 46764 21298
1 39579 15723
1 7160 27714
1 19784 8284
2 0 1
1 47407 26970
0 31787 2443
1 47738 48665
0 16495 44991
2 2 1
1 6980 17644
2 1 0
0 27589 12341
2 0 0
2 0 0
1 24873 20378
0 13410 33920
2 0 0
0 24060 12283
1 15226 12387
2 0 0
0 9232 28426
0 44556 28754
0 14820 34456
2 2 1
1 2767 4551
0 25743 3303
1 6306 26224
1 31568 32442
0 37364 9576
1 19465 20155
0 19672 37149
0 37237 685
0 10841 34762
1 20882 47407
0 23417 43622
0 36966 17420
2 0 4
1 46688 15077
1 6209 26679
1 43324 42461
2 0 1
0 31695 4514
1 5620 39412
2 4 2
2 1 3
0 23084 23740
2 4 6
0 17327 2296
2 6 2
0 5827 17565
1 45122 48796
0 28598 8567
2 5 2
0 9921 210
0 30904 8326
0 44367 6010
2 4 7
2 0 1
2 5 2
1 2667 34898
0 23176 26538
1 35895 3755
1 22112 367
1 13675 13521
1 13489 35764
2 0 3
2 6 6
0 23840 43455
0 30591 41506
2 2 7
1 12968 40155
0 1228 12089
0 43541 48638
0 10007 8475
0 448 37962
0 47961 8277
1 47612 7278
0 45570 14713
1 3414 33324
2 12 7
2 1 2
2 5 7
2 4 2
2 7 5
1 2767 19532
2 4 5
0 33706 28122
2 5 1
2 3 2
0 29854 17578
1 30106 15954
1 33993 50236
2 0 3
1 16087 26367
2 3 0
1 25865 33135
1 29526 31058
0 26723 26317
0 6239 45926
2 4 0
0 16609 2914
0 20343 16195
1 30790 8284
2 7 1
1 42792 37177
2 1 5
1 22060 34467
1 49702 31608
1 46367 8499
2 2 1
0 47603 41778
0 12653 30410
0 21799 18942
0 47988 563
1 30106 41226
2 5 3
1 29450 48623
2 4 6
2 5 5
1 39754 20155
1 1561 33707
1 41955 1463
1 27853 30945
1 23736 47651
0 40428 41994
1 1717 28415
1 3163 27218
1 32028 43096
2 6 0
2 3 1
1 10116 26970
2 0 3
1 6898 26224
2 2 0
2 1 2
0 30630 34958
1 17035 25247
0 43980 8414
1 19465 250
2 2 2
1 6996 22362
0 3954 17218
2 1 0
1 28700 11707
0 33772 18228
1 5755 26516
2 2 1
1 47607 5000
1 12851 48136
1 17495 46294
1 6536 20876
2 0 0
2 1 0
1 42526 18266
0 39875 47651
1 44561 15093
0 29027 20628
0 21654 16215
1 790 35578
1 18670 39046
0 34426 48568
0 9758 41557
1 13771 41776
1 18994 9830
2 0 4
2 3 2
1 43141 17395
1 3040 36759
2 3 2
1 34618 30027
2 2 0
2 0 0
0 21380 27792
0 24162 42904
0 36757 31665
1 26804 39109
1 13916 24018
2 0 0
1 1618 19672
1 27218 30945
1 34763 11309
0 1026 34609
2 3 1
2 2 1
1 9651 4714
2 0 1
2 0 0
0 28148 46129
1 29450 39788
2 0 0
1 7079 24717
0 23133 8295
2 0 0
0 38808 33730
0 47713 1709
1 28814 50058
1 34979 8415
0 37971 27386
1 6898 18965
2 2 2
2 0 1
0 36566 6760
0 9534 15263
0 4052 39151
2 3 0
1 23736 8066
1 8950 872
2 2 0
1 1612 45345
1 22276 2476
2 1 0
0 381 1902
1 941 27058
2 0 0
1 15306 14618
2 0 0
0 37542 33170
2 0 0
1 20754 34763
1 11676 26823
1 32135 42526
0 28402 34978
2 0 0
1 6364 41518
0 25056 47560
0 28307 21315
2 0 1
1 49898 8431
2 0 0
0 48641 48016
0 39402 40275
1 5655 47407
2 0 0
0 31753 23539
0 10717 15127
0 38446 28669
2 0 1
2 0 1
2 1 0
1 29408 42489
1 27310 36979
0 520 11087
2 0 1
1 41590 41278
0 28489 43063
0 40452 4118
1 615 5655
2 1 0
1 46944 18779
2 0 1
2 0 0
0 26818 40093
1 17976 32759
1 11676 12583
1 17151 19983
2 0 0
0 33190 22017
0 19705 8192
1 47835 10014
2 1 0
1 34815 47612
2 0 0
0 8088 22257
0 29354 14141
0 46119 7514
1 5789 42526
2 2 1
1 1600 13043
0 16622 48282
2 2 2
2 0 0
0 8426 39753
2 1 1
1 30027 14648
2 0 0
0 5202 34061
1 23613 9855
2 0 0
0 36411 5403
0 37063 30048
0 24075 37598
1 4100 14801
0 29761 17341
2 2 1
0 37650 13464
1 41278 8522
1 43839 45345
0 34754 554
2 2 4
2 1 0
0 23821 32736
1 40730 14238
2 2 2
2 2 2
1 12220 27988
2 0 0
2 0 0
0 12856 3948
2 0 0
0 22299 44297
1 25865 14493
1 31529 30361
2 0 0
0 19874 8762
0 17298 47608
0 38663 17949
0 35414 29553
2 2 2
2 2 1
2 1 1
1 35811 47612
1 23560 13993
2 0 0
1 30790 48171
0 8239 8026
1 17813 21574
2 0 0
0 48522 32596
2 0 0
0 48868 17183
0 37678 19317
2 0 1
2 0 0
0 33661 23870
0 44444 38357
2 0 1
1 40060 14885
0 40344 885
1 38963 38028
0 36294 11673
1 48230 26420
1 47612 28991
1 31961 6405
0 32777 18515
2 0 0
1 476 49284
0 24316 17595
0 288 7995
2 3 4
1 15181 33200
2 1 1
0 29079 27652
1 22555 7896
0 43369 44885
2 0 1
2 2 2
0 33937 21789
2 1 2
2 1 0
1 30027 43324
0 12710 41840
1 38963 26706
1 38354 27412
2 2 0
2 1 1
0 5368 38480
1 18846 7079
0 43942 25051
0 22306 6645
0 27453 10708
2 0 0
1 40714 32772
2 0 3
2 0 2
1 30361 38519
2 1 1
0 26437 43145
0 6443 35872
1 48353 42489
1 29871 37768
1 19562 15900
2 0 0
1 9738 48890
1 22555 29220
0 41347 15292
0 18923 36554
1 18846 41226
0 7993 24800
2 4 2
1 4336 24627
1 15723 45592
1 42284 34381
1 12006 26420
1 10206 3872
1 37390 29450
2 0 3
2 2 2
1 13521 45469
2 0 1
0 20322 13007
1 2459 32335
2 0 0
1 19532 6826
2 0 0
0 16043 24426
2 0 0
1 13841 8857
0 42742 46538
0 25555 38266
0 36514 36180
0 25464 16597
1 23120 3234
2 2 0
0 2783 42670
2 0 3
0 48165 15975
2 0 0
2 2 1
2 0 0
1 19593 29035
2 0 0
0 30691 34825
1 17012 19214
1 45780 45495
2 0 0
0 43528 16499
1 42154 32097
0 36445 288
2 1 1
0 28037 14739
2 0 0
2 0 0
1 18605 30226
0 12225 46893
0 39276 35488
1 34294 48274
2 0 1
2 0 0
0 16533 24760
0 2850 15296
2 1 0
0 9181 14946
2 0 1
1 25031 1523
1 25453 13425
1 41925 49972
1 9958 19597
2 0 0
1 41039 46841
0 45505 24661
1 15181 34374
2 0 0
0 1435 11625
2 0 0
1 10439 33993
0 8483 38060
2 0 0
1 20156 1078
0 37334 30322
2 0 0
1 13841 19562
0 34631 8661
1 4404 49453
2 0 0
1 26804 40234
0 30225 8431
2 0 0
0 671 27029
1 32948 13180
0 4941 44562
1 46596 27988
2 0 0
1 45876 22996
0 4883 14182
1 1208 49996
1 7079 1618
2 0 0
2 0 0
0 21742 20472
2 0 0
1 44361 23508
1 4157 37715
0 42823 32941
2 0 0
1 49084 22392
1 18779 14181
1 48984 32523
0 45082 32758
0 1647 11312
2 1 0
1 35811 31936
0 4182 18518
0 41810 16856
2 1 2
0 21145 35677
1 872 32866
0 42643 23596
0 31525 10747
0 19401 6128
1 44361 41729
0 25845 48028
2 6 1
2 2 3
0 32403 26767
0 17470 47157
1 40324 31830
0 16652 10191
2 4 4
2 6 4
2 5 3
0 5963 25323
2 3 0
2 2 1
1 48518 10658
0 29453 10074
1 30457 5049
1 18129 40911
1 36240 37506
2 0 0
0 18495 28773
2 2 0
0 31062 18077
0 26070 23814
1 2476 37019
2 0 4
2 1 0
1 20876 23492
1 23269 24069
2 2 0
0 12789 9223
1 18994 6996
1 49972 26224
0 37458 2005
2 1 1
2 0 1
0 37836 28487
1 17338 14181
2 1 1
1 3040 5049
0 4502 9068
0 46483 46605
0 29879 10365
0 8744 19026
2 1 1
2 2 1
1 11309 23203
2 1 0
2 0 3
0 493 24434
1 22350 706
2 0 1
0 37509 16855
0 44287 38117
0 12269 4710
0 22400 36515
0 41017 40401
2 4 6
1 10333 43469
1 28700 30019
0 9103 13011
0 34110 40894
1 45469 39926
2 6 3
2 0 4
0 54 48314
0 786 29144
2 2 7
1 49844 3035
2 6 0
1 1078 15093
2 1 2
0 6830 26793
0 2942 43263
0 20038 40568
2 5 8
2 0 3
0 14485 12240
0 21916 7538
2 4 2
1 32948 34144
2 3 6
2 4 5
0 12539 8485
0 21790 9031
2 3 2
0 27493 39824
0 26517 13522
0 6378 163
1 18344 33272
1 11119 19722
0 48135 6620
2 5 9
2 1 2
1 30315 11309
0 38967 6223
0 43463 40359
1 13771 33894
1 26276 33707
0 10575 48650
1 36254 31444
2 3 10
2 1 3
2 5 2
1 13180 25352
0 28631 1712
2 4 9
1 22676 39967
1 14801 18894
1 41925 36062
1 1867 36979
0 22854 9381
2 9 3
0 35829 14596
2 0 4
2 3 1
1 30397 46266
2 1 4
1 34618 20580
1 16610 11589
1 30106 11676
2 4 5
1 32414 39579
0 47865 28867
0 46579 13994
0 21479 4793
2 8 8
1 23613 24339
1 19597 6405
1 24339 6118
1 24257 26706
1 15217 40785
0 6818 5144
2 7 0
0 24532 36625
0 15292 3328
2 8 4
2 0 1
0 30760 16873
1 21413 10562
1 11232 38519
2 7 0
0 44634 28238
2 8 6
2 3 4
0 26838 20239
0 44719 47705
2 4 2
2 5 4
0 29271 2326
2 3 6
0 24697 21252
2 7 2
2 2 1
2 0 2
0 10882 18103
2 0 4
0 8181 32833
1 7950 18994
2 0 0
2 0 0
2 1 1
0 43641 39495
1 44660 12583
0 15155 47507
1 21153 14885
0 41170 11112
2 2 1
0 48033 25598
1 33993 37661
1 11119 23953
0 38871 47965
2 5 1
0 19153 12088
2 0 3
1 45725 44748
1 44979 24069
0 36604 19371
0 12073 36699
0 34692 40651
2 2 8
2 5 6
2 2 0
1 27412 4157
2 5 2
2 4 2
0 10796 32345
1 5278 38028
0 25324 39767
0 32953 20304
0 266 46258
1 10518 14281
1 16778 49
0 47507 43485
0 5939 21850
0 49102 20078
0 23269 11515
1 41812 24627
1 45432 36658
1 34763 46603
1 26367 33337
0 38863 41641
1 24717 13841
1 21646 17277
1 1600 23636
1 48518 10658
1 23269 31608
1 1159 9738
1 19722 38963
2 4 5
0 20691 47455
0 43048 22278
2 1 9
1 41278 5789
0 28310 42878
0 3793 15830
0 17750 1083
0 28273 9518
2 3 6
2 15 10
1 40366 50144
2 2 5
1 23350 18894
0 9896 32898
1 48665 15382
1 47440 38729
2 8 1
2 2 10
0 40985 2072
1 6871 12757
2 0 8
0 31599 29304
0 46670 4370
2 2 1
1 47220 9855
2 1 13
0 9460 11424
2 11 13
1 30315 38885
2 4 10
0 11002 40607
2 2 5
1 50311 19999
0 42937 758
2 11 6
0 30062 21505
0 28374 2159
2 13 8
1 7649 45876
0 21991 3017
0 40852 19754
2 10 6
0 23613 39671
1 21698 20882
2 6 11
2 13 1
1 19999 2563
0 45122 40706
0 29113 28000
1 30457 30053
2 0 10
0 36314 39525
0 38850 16934
2 13 2
1 24571 21884
0 15657 14415
1 3163 35987
2 12 13
0 37556 7725
0 1452 40020
0 31182 13746
1 13141 2515
1 37578 16109
1 6285 4940
1 27058 1867
1 43803 18994
1 12387 3872
2 2 12
2 13 7
1 30258 23203
1 31058 45555
0 15265 1484
1 17718 20294
2 12 13
2 1 13
1 44489 20255
0 5876 14271
0 45333 44247
2 6 2
0 25861 10799
0 6752 34994
2 13 11
0 9673 18567
1 11119 40060
2 9 16
0 26828 5010
2 10 0
2 12 1
1 32267 45035
0 40725 15637
0 38532 24925
1 44801 17495
0 9566 27674
0 23411 40080
0 43728 398
2 7 16
2 12 8
2 1 11
2 0 13
0 32590 19846
1 13355 4100
1 47219 23560
2 13 0
2 7 2
2 5 6
1 38618 38824
2 2 2
1 35091 9182
0 31869 6310
2 5 9
0 17588 760
0 46323 13876
1 18994 23606
2 15 2
1 47219 37506
2 1 2
0 21835 7277
1 45754 7949
0 4955 14663
2 12 6
0 15280 43061
0 18282 14355
2 9 14
0 31039 12169
1 16683 11029
0 30704 17550
1 11309 10658
2 17 3
0 39717 46200
1 14065 13374
1 12968 20239
0 24814 41714
0 40828 13109
0 28595 48655
0 7199 38637
2 5 0
1 32414 20094
0 29197 32512
0 4408 31087
2 6 16
0 19734 17675
0 42076 48071
0 18396 22948
0 45913 7186
1 15954 11707
0 38543 12922
1 41630 33337
2 9 10
0 25586 47251
1 34049 48053
1 18894 2715
1 38004 36389
2 9 24
2 20 14
2 16 16
2 5 22
1 31444 31940
0 16095 27065
1 26804 22982
1 7278 23736
1 2032 20094
0 40161 18147
0 26064 13188
0 11276 41934
0 581 27312
0 39208 12389
1 15049 19155
2 9 18
1 44979 16029
1 49996 42364
2 20 7
1 34391 2319
1 9651 5755
2 9 1
0 8997 48374
2 8 9
2 22 12
0 9934 12531
0 29726 28569
1 5313 26084
0 40316 38193
2 1 17
0 13319 21566
0 34838 44787
0 21063 47708
0 11580 2194
1 12703 43803
1 25817 34618
0 8087 8723
1 24876 41129
0 43828 13802
1 6364 956
0 37602 11954
0 40231 19741
0 44515 7303
2 28 35
1 3755 9189
2 24 24
2 24 8
0 23848 34552
0 13448 48733
1 28181 19597
0 3728 17677
0 5631 8727
1 32714 2956
0 23691 27863
0 8302 16300
0 46160 7923
1 17423 48890
2 39 31
2 29 9	
